10577013	4.629213483146067
6202671	4.875
828153	4.878787878787879
1997514	4.771186440677966
161866	4.65
678849	4.769230769230769
705448	4.017964071856287
6717341	4.76
1316594	4.882352941176471
383182	4.711538461538462
1194778	4.87719298245614
14435823	4.778947368421052
10726423	4.7368421052631575
494671	4.787037037037037
6422124	4.851063829787234
1017635	4.909090909090909
779712	4.87012987012987
1635513	4.9144736842105265
6330946	4.787234042553192
1137935	4.783132530120482
504882	4.8545454545454545
1064154	4.808
6844844	4.916666666666667
685326	4.783132530120482
5487333	4.819148936170213
684590	4.878048780487805
11391385	4.65934065934066
512301	4.71875
1994386	4.91588785046729
2219183	4.807339449541284
211769	4.853211009174312
2083331	4.825174825174825
8868581	4.831325301204819
628851	4.688172043010753
694542	4.779816513761468
162750	4.684782608695652
6686631	4.898148148148148
1670022	4.691358024691358
16963838	4.829545454545454
8128683	4.858695652173913
5235	4.857142857142857
1824947	4.818181818181818
975724	4.679012345679013
7280719	4.677083333333333
850034	4.821052631578947
28193562	4.735849056603773
483979	4.698924731182796
5155604	4.8875
9636076	4.923664122137405
6599221	4.831325301204819
7665225	3.7954545454545454
6089493	4.849056603773585
12167668	4.912751677852349
14361212	4.864583333333333
16893393	4.934782608695652
6528765	4.791666666666667
1325378	4.670454545454546
1226361	4.839506172839506
789887	4.814159292035399
2043501	4.793103448275862
11692197	4.89247311827957
620317	4.837398373983739
6625594	4.784090909090909
1642224	4.885964912280702
1086186	4.916666666666667
2089390	4.708333333333333
284552	4.714285714285714
7981164	4.839080459770115
17030574	4.822222222222222
140214	3.9917355371900825
5785285	4.865384615384615
1126542	4.967741935483871
8316515	4.9186046511627906
20869777	4.821052631578947
1510980	4.841463414634147
7133613	4.9010989010989015
5339779	4.901639344262295
1502667	4.766355140186916
1384584	4.742857142857143
7980910	4.7657657657657655
8088916	4.84375
748040	4.844444444444444
6602742	4.829059829059829
317645	4.857142857142857
858200	4.785123966942149
7001336	4.8431372549019605
6106142	4.735537190082645
10320239	4.847619047619047
6529401	4.655555555555556
13552	4.833333333333333
16435374	4.908163265306122
6614393	4.89
656031	4.848837209302325
756369	4.925925925925926
5545210	4.908045977011494
19178367	4.926829268292683
7182003	4.796116504854369
1455096	4.701030927835052
1289228	4.770833333333333
1055782	4.834782608695652
21979852	4.8125
2200696	4.838095238095238
10117615	4.872093023255814
9777966	4.758928571428571
1163332	4.833333333333333
42438	4.808333333333334
480992	4.795918367346939
12751	4.87
16674776	4.864197530864198
8094853	4.601851851851852
2142127	4.77
19514032	4.808080808080808
68951	4.778846153846154
85966	4.836956521739131
6047040	4.880434782608695
7556842	4.888888888888889
7724070	4.763636363636364
1554456	4.785714285714286
806469	4.715686274509804
522191	4.8686868686868685
2213756	4.747474747474747
36158	4.8
1654	4.679012345679013
11387046	4.705882352941177
1368110	4.862068965517241
884762	4.890909090909091
5208782	4.895652173913043
14138697	4.757281553398058
9786862	4.936416184971098
1710873	4.795454545454546
7737978	4.858267716535433
926745	4.857142857142857
1117468	4.796610169491525
363115	4.843373493975903
1691684	4.833333333333333
8902118	4.9
5485177	4.735294117647059
6494274	4.787037037037037
1641051	4.757894736842105
6087484	4.804347826086956
264366	4.698924731182796
8145881	4.79020979020979
8966245	4.773809523809524
71956	4.8493150684931505
7144438	4.72289156626506
14526415	4.808219178082192
20110535	4.813953488372093
8285535	4.55
6717838	4.769230769230769
138485	4.798611111111111
858278	4.831460674157303
1868160	4.737864077669903
9745026	4.892857142857143
5167628	4.807228915662651
1055921	4.871287128712871
22365637	4.899328859060403
783297	4.91
6293497	4.747252747252747
7995087	4.75
16385820	4.861702127659575
6347975	4.601941747572815
14473153	4.5813953488372094
17352605	4.888888888888889
20930168	4.797872340425532
12631514	3.7183098591549295
8696461	4.769911504424779
279153	4.927083333333333
5357777	4.816326530612245
11645959	4.819148936170213
14458093	4.876190476190477
8839449	4.858585858585859
1393529	4.823529411764706
439058	4.860215053763441
7707283	4.791304347826087
1089473	4.653061224489796
8219089	4.855555555555555
11189629	4.8979591836734695
166302	4.6571428571428575
542762	4.742857142857143
21745201	4.9010989010989015
6588314	4.842105263157895
8013552	4.742857142857143
1529783	4.787037037037037
77582	4.821782178217822
16364115	4.589473684210526
18287304	4.747826086956522
1527988	4.723404255319149
5359550	4.681318681318682
1393979	4.8765432098765435
875508	4.815217391304348
11662464	4.78125
5696790	4.862385321100917
1342221	4.831460674157303
14890867	4.886075949367089
632553	4.763440860215054
1841457	4.881720430107527
5336307	4.803921568627451
14208255	4.7368421052631575
19241351	4.858823529411764
5353717	4.527472527472527
11662294	4.776595744680851
5458486	4.86
7178520	4.958904109589041
1826533	4.8984375
677589	4.880503144654088
8257617	4.868131868131868
1120551	4.860655737704918
1044884	4.816326530612245
362825	4.818181818181818
10099166	4.882882882882883
5590560	4.808510638297872
11110645	4.628318584070796
11917935	4.606060606060606
19104908	4.892561983471074
10362497	4.929411764705883
14637910	4.709090909090909
6095312	4.846153846153846
21331268	4.795918367346939
22555105	4.89247311827957
1043601	4.778947368421052
18278431	4.714285714285714
4382	4.782178217821782
17688041	4.857142857142857
1569324	4.788235294117647
67077	4.794642857142857
7767699	4.787234042553192
5253296	4.637096774193548
8578753	4.732558139534884
957547	4.728260869565218
624415	4.732673267326732
8223521	4.870967741935484
16428122	4.83
1723649	4.795918367346939
412009	4.8352941176470585
1038652	4.926315789473684
151415	4.7272727272727275
148558	4.819047619047619
13057248	4.6947368421052635
59737	4.819277108433735
430891	4.711111111111111
114538	4.7407407407407405
5762377	4.89247311827957
8204467	4.922330097087379
1811084	4.881720430107527
5169835	4.739495798319328
8842029	4.588235294117647
10101664	4.908163265306122
362320	4.926315789473684
12705959	4.888888888888889
4952	4.758620689655173
24304082	4.87218045112782
7405861	4.824742268041237
6428990	4.77319587628866
88616	4.8478260869565215
1594221	4.82
68275	4.860927152317881
10065212	4.841121495327103
9651095	4.9125
473440	4.805555555555555
9094672	4.797979797979798
14655468	4.86231884057971
17517042	4.838983050847458
112334	4.836956521739131
15752085	4.809523809523809
63897	4.829545454545454
5917418	4.848214285714286
1394862	4.803738317757009
464889	4.811111111111111
41527	4.796116504854369
16859213	4.783018867924528
11073828	4.82051282051282
436821	4.862745098039215
7768967	4.952941176470588
51302	4.839416058394161
14314336	4.706521739130435
5858897	4.7032967032967035
1137254	4.8023255813953485
24273069	4.663043478260869
1934115	4.846846846846847
17503292	4.904255319148936
153914	4.709302325581396
13911716	4.908045977011494
612880	4.626506024096385
293973	4.8375
10491118	4.861111111111111
345117	4.866666666666666
22283187	4.944444444444445
632189	4.911764705882353
6140782	4.843373493975903
7570721	4.854368932038835
17227913	4.858585858585859
6090579	4.7745098039215685
1680506	4.931372549019608
22954560	4.876404494382022
13790574	4.761363636363637
10794832	4.921568627450981
1205369	4.469135802469136
7173521	4.841584158415841
26806	4.882352941176471
139444	4.732142857142857
14930086	4.673267326732673
289053	4.896551724137931
1233310	4.795918367346939
206306	4.882352941176471
10805527	4.9021739130434785
20498086	4.7745098039215685
803809	4.838983050847458
621107	4.836363636363636
920868	4.854368932038835
1110677	4.860215053763441
5886406	4.643564356435643
8118294	4.81
2171010	4.717391304347826
708667	4.8604651162790695
1893167	4.857142857142857
8007968	4.860215053763441
6067141	4.826530612244898
281890	4.945054945054945
194383	4.803738317757009
261651	4.7594936708860756
5213589	4.752941176470588
1895509	4.854166666666667
7333002	4.712871287128713
8992758	4.78021978021978
18340420	4.842696629213483
6729273	4.884955752212389
11968992	4.851851851851852
545201	4.936842105263158
5795713	4.647058823529412
391764	4.85
13505112	4.814432989690721
1141493	4.795698924731183
2073251	4.875
320601	4.744897959183674
11310953	4.744186046511628
6466081	4.865168539325842
17179151	4.8090909090909095
17845893	4.786516853932584
18376295	4.78125
7623811	4.770833333333333
16263010	4.819277108433735
1325860	4.653465346534653
14146417	4.7926829268292686
9147217	4.817204301075269
18215191	4.768595041322314
487426	4.752941176470588
10968099	4.6947368421052635
23811133	4.848837209302325
18989288	4.739583333333333
7256318	4.738636363636363
9761447	4.735294117647059
17549631	4.759615384615385
13099072	4.758241758241758
335878	4.785714285714286
11878	4.935483870967742
25970185	4.698795180722891
1228707	4.823529411764706
19774951	4.8686868686868685
8057894	4.795698924731183
171837	4.776699029126213
1552431	4.79
7070683	4.666666666666667
5647389	4.810526315789474
367556	4.817073170731708
8293230	4.852941176470588
47555	4.745762711864407
5274223	4.597402597402597
549194	4.853932584269663
697155	4.835164835164835
20779225	4.738636363636363
6917592	4.836538461538462
22389499	4.883870967741935
12838006	4.809523809523809
84640	4.909090909090909
1503284	4.870967741935484
13201829	4.689655172413793
48839	4.86734693877551
9890777	4.922330097087379
13940223	4.882978723404255
977485	4.7176470588235295
1386875	4.8125
7966417	4.764705882352941
14216937	4.833333333333333
13552782	4.8062015503875966
5087491	4.744897959183674
1859928	4.9523809523809526
16920235	4.914893617021277
22575012	4.758928571428571
6590729	4.76595744680851
2183106	4.823529411764706
10735793	4.804123711340206
12161110	4.880434782608695
19051	4.743801652892562
5363251	4.7924528301886795
2097970	4.633663366336633
9093113	4.935064935064935
15178546	4.794392523364486
8059336	4.8584070796460175
18084338	4.876190476190477
14239403	4.839622641509434
190330	4.867924528301887
12517714	4.783132530120482
13812628	4.891089108910891
19763709	4.8538461538461535
14156527	4.871287128712871
11790919	4.758241758241758
1911999	4.817073170731708
17864394	4.819148936170213
778461	4.772277227722772
20297611	4.8979591836734695
18025738	4.895161290322581
9993614	4.893805309734513
10805001	4.802197802197802
50322	4.801801801801802
5758917	4.739130434782608
22486350	4.886792452830188
206206	4.839622641509434
7890560	4.8173076923076925
445395	4.8173076923076925
5985821	4.685185185185185
13494521	4.8125
26800394	4.897435897435898
14327733	4.88785046728972
953792	4.8316831683168315
7889859	4.9186046511627906
14790970	4.872093023255814
5770824	4.74468085106383
18217701	4.686046511627907
7214085	4.886792452830188
21500023	4.782608695652174
11992154	4.554347826086956
8280337	4.836956521739131
12686613	4.822916666666667
12151124	4.845238095238095
8046945	4.752688172043011
23348	4.837209302325581
1936987	4.811111111111111
884329	4.767857142857143
5195993	4.895238095238096
15847486	4.583333333333333
5241895	4.680851063829787
6656572	4.78021978021978
1955823	4.509615384615385
21520512	4.457446808510638
21400981	4.819047619047619
20317621	4.811320754716981
8483077	4.739583333333333
11748196	4.7094017094017095
412831	4.767676767676767
5255318	4.816326530612245
10938863	4.933333333333334
1888595	4.709302325581396
592244	4.886792452830188
7142760	4.878378378378378
6230513	4.837837837837838
17794972	4.66
168220	4.833333333333333
12743202	4.591836734693878
81619	4.854166666666667
6067160	4.934579439252336
16182090	4.518987341772152
21632590	4.726190476190476
9732296	4.831578947368421
18569798	4.7974683544303796
9698441	4.814432989690721
8441272	4.787234042553192
17741893	4.913043478260869
1264228	4.8283582089552235
113590	4.8515625
1954452	4.7976190476190474
7959915	4.842592592592593
16079245	4.735294117647059
13547032	4.698924731182796
18737417	4.811764705882353
17101433	4.879518072289157
10890363	4.8901098901098905
1768910	4.872549019607843
383088	4.842105263157895
146186	4.892561983471074
9797338	4.804597701149425
11402397	4.761904761904762
6051658	4.7444444444444445
351452	4.767857142857143
705078	4.704545454545454
19199094	4.758241758241758
7590141	4.830188679245283
839630	4.852459016393443
16073977	4.806818181818182
10088955	4.657407407407407
456993	4.815533980582524
21424135	4.72
28195950	4.79
13648259	4.872340425531915
17619322	4.872549019607843
95481	4.822222222222222
21263850	4.875968992248062
1700584	4.649122807017544
10903486	4.708333333333333
252839	4.854368932038835
22742379	4.890756302521009
6746430	4.645833333333333
6004371	4.725
8222040	4.893203883495145
171229	4.6976744186046515
2093930	4.827956989247312
22602601	4.837837837837838
8025994	4.90566037735849
24283374	4.90625
5654427	4.659090909090909
177946	4.814432989690721
727348	4.752380952380952
10706373	4.821428571428571
1241170	4.654320987654321
5362631	4.809523809523809
6492212	4.944162436548224
9165	4.9021739130434785
9723766	4.6923076923076925
5897437	4.75
1846830	4.845360824742268
7977410	4.78125
5328753	4.794117647058823
16379966	4.794117647058823
14337228	4.827586206896552
1321386	4.838709677419355
8873386	4.761904761904762
12321490	4.7
15399126	4.594594594594595
24980849	4.842105263157895
6746861	4.8875
18621424	4.724489795918367
6357367	4.834951456310679
5229262	4.762376237623762
25800066	4.834951456310679
12700400	4.879518072289157
7744112	4.846153846153846
599551	4.859649122807017
22235987	4.8584070796460175
1333575	4.64367816091954
18641722	4.676470588235294
12596012	4.842696629213483
1183942	4.845360824742268
21182697	4.804878048780488
15992116	4.7875
2227428	4.805084745762712
522878	4.831858407079646
10844322	4.823529411764706
1428311	4.862745098039215
6092900	4.8352941176470585
16423452	4.838383838383838
1905237	4.7023809523809526
7711126	4.880341880341881
780415	4.733333333333333
28092104	4.8
104748	4.79020979020979
22693770	4.86734693877551
9897274	4.857142857142857
19126550	4.871794871794871
8071	4.901234567901234
636751	4.860215053763441
2003560	4.821052631578947
25340739	4.808510638297872
989478	4.7555555555555555
498536	4.762295081967213
948689	4.857142857142857
17905972	4.731958762886598
28087098	4.7317073170731705
5927286	4.720430107526882
591546	4.73109243697479
990696	4.891472868217054
505400	4.870967741935484
16102910	4.894230769230769
6290847	4.830882352941177
14645214	4.781818181818182
8982829	4.855769230769231
8676951	4.90566037735849
15984052	4.847058823529411
2105817	4.931623931623932
7103384	4.907407407407407
13008526	4.826923076923077
14376315	4.6571428571428575
1786044	4.8
1282193	4.589285714285714
5885073	4.825
759415	4.726190476190476
17763145	4.719626168224299
5973708	4.886956521739131
16043266	4.920454545454546
67340	3.74
12088578	4.91919191919192
88523	4.752577319587629
10025671	4.889570552147239
18012076	4.84375
469959	4.792079207920792
249879	4.776699029126213
10970692	4.881188118811881
6308768	4.8
19560867	4.826086956521739
8269766	4.8061224489795915
22284547	4.788888888888889
27438590	4.830188679245283
891764	4.702479338842975
17088516	4.737864077669903
12293130	4.546391752577319
19847344	4.866666666666666
1190516	4.71875
5424053	4.851063829787234
20396347	4.920792079207921
16326962	4.866666666666666
10852683	4.862745098039215
20505512	4.745283018867925
13620930	4.961904761904762
1118879	4.840336134453781
6678041	4.794392523364486
20373944	4.651162790697675
26692545	4.766666666666667
2415	4.4227642276422765
357419	4.837606837606837
386342	4.704545454545454
18795305	4.9113924050632916
5287822	4.8
7107873	4.875
27683454	4.729166666666667
15432859	4.850877192982456
8012920	4.783132530120482
803921	4.884615384615385
6331152	4.915966386554622
36210	4.908163265306122
12119040	4.925675675675675
149531	4.788888888888889
11966988	4.941860465116279
152889	4.747126436781609
7872456	4.813559322033898
5886329	4.850574712643678
16141175	4.741935483870968
17506038	4.904761904761905
19455780	4.84070796460177
8425526	4.852941176470588
21654527	4.895833333333333
14623147	4.857142857142857
11512407	4.762962962962963
24202670	4.822222222222222
7818590	4.956521739130435
1988467	4.823529411764706
12684339	4.901960784313726
6753313	4.847619047619047
28435491	4.869158878504673
27968509	4.824742268041237
5267640	4.876404494382022
11579338	4.872549019607843
18038201	4.875
21279030	4.791666666666667
8303642	4.883561643835616
470471	4.887755102040816
13788072	4.84375
685894	4.8977272727272725
8845589	4.823529411764706
98653	4.822033898305085
12234042	4.896907216494846
15076836	4.735632183908046
487058	4.602409638554217
21554002	4.851485148514851
5849913	4.895833333333333
12247427	4.804878048780488
6031697	4.858823529411764
22753154	4.745614035087719
8426557	4.766355140186916
16732541	4.846153846153846
21491462	4.957746478873239
1290988	4.8108108108108105
815173	4.913043478260869
9921062	4.684782608695652
11944614	4.824175824175824
22456806	4.96875
13513176	4.846715328467154
18075264	4.72093023255814
18740986	4.525862068965517
547020	4.883495145631068
19887718	4.8023255813953485
6556148	4.847619047619047
8599820	4.80327868852459
7847339	4.841463414634147
572537	4.847619047619047
10969139	4.778947368421052
12816448	4.760869565217392
29685319	4.821782178217822
8802715	4.798245614035087
15525144	4.79
12334869	4.918367346938775
10844103	4.885714285714286
10292636	4.9035087719298245
22454445	4.794117647058823
28420073	4.894117647058824
1453116	4.670329670329671
21558077	4.48936170212766
23152419	4.754545454545455
18765644	4.888888888888889
451499	4.8584070796460175
11929120	4.701030927835052
2157989	4.627906976744186
18132503	4.820754716981132
6000943	4.825581395348837
7423818	4.836879432624113
2228506	4.804878048780488
20461023	4.865853658536586
10421897	4.859649122807017
134234	4.871559633027523
26622057	4.890410958904109
28059010	4.736
5979039	4.88785046728972
26835881	4.87719298245614
27813481	4.774193548387097
9873559	4.888888888888889
8788761	4.893805309734513
11617233	4.817204301075269
17056048	4.864583333333333
15169513	4.828828828828829
1625120	4.857142857142857
7801541	4.822916666666667
15990063	4.747126436781609
6001429	4.7745098039215685
9138633	4.837209302325581
470130	4.875
24578950	4.904255319148936
17085541	4.811764705882353
332605	4.854166666666667
23096572	4.925
14168400	4.816326530612245
19564134	4.684210526315789
16231054	4.910891089108911
1053107	4.6477272727272725
1036510	4.808510638297872
11752211	4.935483870967742
394544	4.897435897435898
24710350	4.747126436781609
22320374	4.817204301075269
8391901	4.868613138686132
17478002	4.87378640776699
10252774	4.8
20738505	4.872340425531915
19924808	4.666666666666667
7723962	4.771428571428571
18772955	4.826086956521739
7831209	4.805825242718447
15373543	4.842105263157895
8436050	4.821782178217822
26857977	4.904761904761905
90147	4.8125
24766210	4.8316831683168315
6034373	4.858585858585859
24661550	4.876404494382022
21600295	4.846153846153846
6471588	4.747663551401869
28591049	4.817073170731708
11080400	4.862385321100917
5862596	4.741935483870968
155753	4.823529411764706
5485023	4.809523809523809
1366077	4.855769230769231
28391752	4.895652173913043
2167673	4.822429906542056
9899731	4.640449438202247
318283	4.811594202898551
9168699	4.88
13522892	4.762886597938144
1128327	4.818181818181818
18551393	4.802631578947368
22405575	4.607476635514018
2025637	4.801980198019802
642183	4.716129032258064
2148212	4.829787234042553
9917347	4.819148936170213
22461742	4.797979797979798
20592279	4.89247311827957
8508799	4.853658536585366
16815575	4.87037037037037
17471525	4.912087912087912
6729067	4.844827586206897
28033609	4.869565217391305
19523592	4.614754098360656
27412408	4.895833333333333
8210151	4.878378378378378
21729342	4.810526315789474
1876977	4.813725490196078
18782481	4.811320754716981
10065500	4.707865168539326
17751972	4.8108108108108105
8067645	4.559139784946237
14055084	4.813953488372093
22588512	4.822033898305085
19380098	4.813953488372093
21309136	4.857142857142857
12069832	4.8125
11002807	4.87
23890467	4.7974683544303796
17763162	4.811881188118812
22700568	4.836956521739131
18577503	4.772151898734177
10701275	4.813725490196078
13304839	4.626262626262626
136475	4.7727272727272725
11733187	4.7745098039215685
16848626	4.788461538461538
14827791	4.757009345794392
7859171	4.497109826589595
13028171	4.8
1624472	4.7105263157894735
8462406	4.908163265306122
5582356	4.835714285714285
499694	4.583333333333333
9777	4.8316831683168315
17154880	4.836956521739131
19882115	4.851063829787234
17884	4.804597701149425
17153193	4.875
23783813	4.833333333333333
23067999	4.908163265306122
10036447	4.8431372549019605
10939464	4.6880733944954125
8901353	4.840425531914893
9886696	4.768518518518518
21986124	4.819047619047619
6296758	4.775280898876405
16592272	4.82
7165593	4.8
5668673	4.923076923076923
24527423	4.916666666666667
13337424	4.765432098765432
24766702	4.730769230769231
1938491	4.8734177215189876
22518663	4.88785046728972
19468274	4.8545454545454545
12319926	4.768518518518518
21584134	4.824561403508772
6158890	4.841666666666667
227092	4.825581395348837
21169064	4.831578947368421
16505449	4.811111111111111
13097836	4.878048780487805
5243597	4.747747747747748
16539465	4.76595744680851
21390673	4.735294117647059
22527707	4.891089108910891
7800274	4.75
12505126	4.807228915662651
20457598	4.760416666666667
23343799	4.771084337349397
16128567	4.904761904761905
19423783	4.688888888888889
263968	4.918918918918919
13865848	4.836956521739131
7483456	4.870689655172414
10078216	4.947368421052632
10781891	4.831325301204819
2052582	4.803149606299213
5897740	4.844444444444444
15293805	4.8311688311688314
6534469	4.851851851851852
13669140	4.6625
7454508	4.816326530612245
22044057	4.807228915662651
1704818	4.938144329896907
7355752	4.862068965517241
7084820	4.854368932038835
9734284	4.695652173913044
20541214	4.7407407407407405
5805473	4.859649122807017
22047074	4.863157894736842
9986459	4.811320754716981
19994203	4.620253164556962
16168364	4.7745098039215685
5482337	4.933333333333334
27469067	4.791666666666667
26742064	4.79
1935193	4.818181818181818
1128676	4.791208791208791
12893836	4.864197530864198
9643994	4.910112359550562
13144409	4.935897435897436
416125	4.729166666666667
17074406	4.806451612903226
973408	4.719626168224299
5540670	4.780701754385965
13214412	4.888888888888889
5492336	4.769230769230769
989891	4.924050632911392
13802685	4.590361445783133
11280300	4.873684210526315
14457163	4.847058823529411
5161812	4.817204301075269
14509380	4.825688073394495
11852535	4.89247311827957
20506849	4.741573033707865
15438506	4.788461538461538
27029783	4.84375
14223233	4.717391304347826
11592626	4.945945945945946
25990177	4.806818181818182
6745190	4.755102040816326
25983168	4.752577319587629
1438406	4.738636363636363
6615511	4.76530612244898
638342	4.767441860465116
7929578	4.827160493827161
16618293	4.574468085106383
24028650	4.918181818181818
1190830	4.775700934579439
10095617	4.8558558558558556
1342029	4.885057471264368
20107369	4.814432989690721
351432	4.96875
22066525	4.867256637168142
21927435	4.811764705882353
18135208	4.838709677419355
7887508	4.794642857142857
17037664	4.701923076923077
5672375	4.725663716814159
1814191	4.77
21872003	4.9010989010989015
7078714	4.795698924731183
27614118	4.906976744186046
8772797	4.924731182795699
12838503	4.808510638297872
27659749	4.833333333333333
12563176	4.768421052631579
27033339	4.857142857142857
15701232	4.846153846153846
16104618	4.946236559139785
175566	4.841121495327103
12016594	4.806818181818182
12278618	4.864864864864865
9789241	4.895348837209302
19340123	4.725274725274725
1718011	4.78494623655914
574491	4.7926829268292686
4947	4.479166666666667
8471425	4.866666666666666
1302791	4.796747967479675
2198888	4.741176470588235
23555200	4.836734693877551
16820156	4.790697674418604
23900344	4.90625
16984888	4.9186046511627906
8766526	4.877777777777778
26054766	4.858823529411764
16728544	4.823529411764706
8646998	4.821428571428571
18577665	4.827586206896552
5183248	4.705882352941177
270322	4.845238095238095
19264999	4.871794871794871
21644777	4.778947368421052
11590149	4.924731182795699
8638915	4.9222222222222225
1271326	4.672413793103448
24696507	4.862745098039215
5989978	4.91
1787204	4.8
27730105	4.905109489051095
17039513	4.831460674157303
18148047	4.837209302325581
6278292	4.767441860465116
8709832	4.91588785046729
5913870	4.628865979381444
894168	4.814814814814815
9056232	4.837209302325581
7614381	4.849056603773585
21986721	4.6923076923076925
19158309	4.824742268041237
11946345	4.674698795180723
1864681	4.6976744186046515
27802358	4.7215189873417724
506466	4.776595744680851
24691452	4.804347826086956
12138328	4.695238095238095
27826886	4.833333333333333
1861160	4.802197802197802
103933	4.905263157894737
7168186	4.761467889908257
1602684	4.7701149425287355
29033624	4.876288659793815
6649811	4.802083333333333
27633370	4.911504424778761
24816487	4.846153846153846
2068350	4.870967741935484
18879032	4.709677419354839
8851381	4.678571428571429
14986327	4.77
13602960	4.854166666666667
794597	4.870967741935484
5335406	4.781609195402299
16270725	4.797872340425532
12856833	4.775
177919	4.828947368421052
5608790	4.8352941176470585
7915518	4.878048780487805
18725843	4.807017543859649
641311	4.652892561983471
26305661	4.831325301204819
6623	4.89908256880734
5381028	4.883720930232558
12358410	2.175
2107873	2.021276595744681
1923931	2.142857142857143
11296897	1.9024390243902438
23271217	2.0377358490566038
8207741	1.934782608695652
8758289	2.15
16298542	2.015873015873016
10327172	2.1785714285714284
934752	2.05
395929	2.109090909090909
14012902	2.4523809523809526
22115319	2.0681818181818183
12918052	2.0925925925925926
952188	2.238095238095238
1295779	2.08
9963881	2.261904761904762
20447117	2.25
16950882	2.0
5416929	2.227272727272727
10851861	1.8108108108108107
1925051	2.142857142857143
5745112	2.0217391304347827
108941	1.880952380952381
5850614	2.1707317073170733
10350388	2.0434782608695654
6216623	2.125
26573738	2.090909090909091
17058517	1.95
6305695	2.022727272727273
5881741	2.196078431372549
5214380	2.183673469387755
13596451	2.230769230769231
8872706	2.2222222222222223
21256454	2.0
377410	2.0
1968349	1.9574468085106382
5435965	2.0952380952380953
8496729	2.111111111111111
11869270	2.0
10469816	2.017543859649123
1295553	1.864864864864865
22495241	2.2432432432432434
14356580	2.116279069767442
1088882	2.08
5807703	2.0952380952380953
1039691	2.263157894736842
1631747	2.4
534062	2.1323529411764706
412334	2.261904761904762
10336576	2.0
23020209	2.217391304347826
67034	2.1176470588235294
8877199	1.9791666666666667
23617685	2.0980392156862746
14258553	1.8181818181818181
1033680	2.3191489361702127
7392056	2.188679245283019
13565338	1.9069767441860466
19756792	2.2162162162162162
8653301	1.8644067796610169
27444210	2.2439024390243905
585242	2.393939393939394
17001848	2.1777777777777776
5512908	2.212121212121212
367910	1.9090909090909092
12651574	2.14
6142183	2.175
77025	2.259259259259259
533103	2.2028985507246377
6425255	2.046511627906977
21850	2.076923076923077
6201497	1.9523809523809523
12117206	1.975
9944205	1.8157894736842106
533759	2.257142857142857
13142519	2.111111111111111
15400494	2.0
49398	2.15
25965581	2.3392857142857144
232662	2.2439024390243905
325579	2.090909090909091
14142025	1.8823529411764706
736278	2.1538461538461537
9714510	1.8125
13489699	2.2
1177053	2.230769230769231
19153983	2.1346153846153846
20148219	2.054054054054054
19218145	2.2051282051282053
1667520	2.375
233147	2.4651162790697674
275823	2.0943396226415096
11588976	2.2291666666666665
2468611	1.9183673469387754
8467010	2.1020408163265305
1848529	2.1052631578947367
5474718	2.1739130434782608
16538199	1.9555555555555555
16515405	2.2
7627222	1.9076923076923078
8688251	1.8205128205128205
12222550	2.159090909090909
1305351	2.2142857142857144
5594774	2.090909090909091
17167722	2.106382978723404
471889	2.186046511627907
5436173	2.2
807064	2.119047619047619
304296	2.0
22868960	2.370967741935484
12703566	2.121212121212121
18942383	2.183673469387755
13542283	2.2
8677369	1.9622641509433962
462723	2.024390243902439
275937	2.1020408163265305
1081900	2.1454545454545455
8947023	1.9767441860465116
17122520	2.3461538461538463
1586252	2.2941176470588234
20948314	1.9148936170212767
17203197	2.2745098039215685
10381837	2.090909090909091
13558064	2.3255813953488373
1107946	2.0697674418604652
23616352	2.088888888888889
999070	2.1020408163265305
7227377	2.018867924528302
22124728	2.1136363636363638
147881	2.111111111111111
74489	1.9736842105263157
55461	2.109090909090909
19553072	2.3333333333333335
1737792	2.25531914893617
1939086	2.1272727272727274
522168	2.3333333333333335
7669629	1.9166666666666667
474920	2.0655737704918034
7119987	2.0285714285714285
969485	2.2127659574468086
11136653	2.2181818181818183
14683180	1.9555555555555555
19177588	2.2
123563	2.0
118154	2.0384615384615383
10812343	2.0
9679	2.183673469387755
69294	2.0
1006652	2.2777777777777777
11542187	1.9767441860465116
6261811	1.975
8575320	2.0256410256410255
17703164	2.25
14950799	2.3442622950819674
7395170	2.185185185185185
870527	2.0526315789473686
7488781	2.0217391304347827
1354428	2.076923076923077
9869173	1.8166666666666667
14522006	2.185185185185185
8012195	2.021276595744681
7476463	2.1315789473684212
7057466	1.9444444444444444
28927306	2.090909090909091
116228	2.121212121212121
1820675	2.1666666666666665
1444976	2.130434782608696
14907439	2.150943396226415
1074447	2.1956521739130435
9140619	2.111111111111111
263321	2.2142857142857144
754857	2.1
1666595	2.326923076923077
13089623	1.9038461538461537
2216826	2.022222222222222
7223965	2.0
7749851	2.025
14098247	2.1052631578947367
191685	2.3
20320249	2.159090909090909
295451	2.0
12180984	2.0425531914893615
6360768	1.9782608695652173
497010	2.0476190476190474
624111	2.183673469387755
19399432	2.282608695652174
879985	2.1463414634146343
1807257	1.8979591836734695
10618417	2.1707317073170733
7755766	1.8636363636363635
31795	2.066666666666667
736488	2.159090909090909
1626565	2.1219512195121952
10880112	2.1702127659574466
1700644	2.239130434782609
1075663	2.061224489795918
12137488	2.074074074074074
6892553	2.0697674418604652
11369659	2.2093023255813953
868188	2.2580645161290325
10281425	2.152173913043478
6678858	1.9743589743589745
26900124	2.1607142857142856
14470385	1.9591836734693877
15501591	2.0930232558139537
662274	2.15
5982584	2.0851063829787235
16474316	2.264705882352941
1979957	2.234042553191489
10297258	1.9761904761904763
70669	2.074626865671642
820578	2.227272727272727
10150782	2.303030303030303
12130789	2.1
6705882	2.1707317073170733
14498798	2.0652173913043477
1866106	2.073170731707317
22094872	2.261904761904762
16795998	2.106382978723404
894471	2.130434782608696
1423404	2.0943396226415096
1491862	2.0285714285714285
12978274	2.076923076923077
11174507	1.7777777777777777
27766018	2.2291666666666665
5841904	1.925
375863	1.934782608695652
767088	2.0851063829787235
29169815	2.25
8019289	2.1020408163265305
1293999	1.9318181818181819
100408	2.066666666666667
29352315	2.1739130434782608
11634148	2.1904761904761907
7860526	1.9714285714285715
5889809	2.119047619047619
12825544	2.3157894736842106
6054161	2.16
22334178	1.8636363636363635
15276118	2.1551724137931036
472261	2.1777777777777776
23446404	2.1578947368421053
87149	2.0784313725490198
25862042	2.1
22790914	2.1702127659574466
5495391	2.09375
10555322	1.9565217391304348
18314748	1.972972972972973
8092815	2.309090909090909
1289745	2.0
12219628	2.1333333333333333
15385932	2.268292682926829
2202569	2.0
7216787	1.9024390243902438
27020028	2.0
14741831	2.260869565217391
932860	2.016949152542373
5595613	2.189189189189189
14513867	1.9743589743589745
58068	2.196078431372549
11877288	2.0625
10090192	2.0869565217391304
18689001	1.9545454545454546
11206044	2.175438596491228
6844863	1.9433962264150944
6420298	1.7826086956521738
1917233	2.0576923076923075
1221598	2.0930232558139537
15678899	2.4489795918367347
19490296	2.096774193548387
16966621	2.076923076923077
14001909	1.9574468085106382
7261676	1.9736842105263157
1848535	2.0
5805546	2.0555555555555554
20590620	1.8076923076923077
1463859	1.9272727272727272
15120277	2.1956521739130435
27556253	1.875
5826057	2.4324324324324325
21283127	2.3454545454545452
12369935	1.8863636363636365
500391	2.1639344262295084
22705242	2.2083333333333335
5720061	1.830188679245283
15505311	2.25531914893617
12085495	2.0754716981132075
6192815	2.4722222222222223
8068053	1.9811320754716981
644441	1.9761904761904763
44547	2.176470588235294
2029043	2.0
1634495	2.36
333163	2.108695652173913
5891972	2.36
7569843	2.2222222222222223
458007	2.142857142857143
942071	2.0681818181818183
7067488	2.0444444444444443
7532850	2.0476190476190474
28138201	2.381818181818182
22142918	2.422222222222222
9671995	2.2857142857142856
5828529	2.0952380952380953
5453913	2.1454545454545455
16431593	1.880952380952381
17662199	1.9523809523809523
16729861	2.1333333333333333
6837138	2.1666666666666665
78880	2.275
176100	2.0
25174696	2.1315789473684212
525892	2.289473684210526
10860999	2.0652173913043477
8863620	2.1627906976744184
8160095	2.15
10118032	2.268292682926829
8492170	2.3488372093023258
9830170	2.169811320754717
876459	2.261904761904762
21616546	2.020408163265306
8323738	2.2448979591836733
11064406	1.9148936170212767
13674199	2.0408163265306123
12871977	2.125
12353339	2.2
13430579	2.1555555555555554
13922235	1.9767441860465116
76566	2.0701754385964914
13051692	2.0625
1752131	2.186046511627907
2142244	2.054054054054054
10088454	2.2448979591836733
6982494	2.0
904372	2.111111111111111
1806952	1.935483870967742
664053	1.9545454545454546
6219682	2.097560975609756
27385022	2.311111111111111
7892644	2.289473684210526
18361055	2.3617021276595747
977975	2.148936170212766
1363899	2.048780487804878
10593949	2.0789473684210527
5995855	2.2037037037037037
12111093	1.9230769230769231
8116178	2.475
462799	2.1272727272727274
12685490	2.3260869565217392
14960290	1.9411764705882353
5659202	2.051282051282051
22087466	2.2363636363636363
1317542	2.2037037037037037
2133727	1.8888888888888888
12174241	2.016949152542373
2035889	1.7428571428571429
11199348	2.1538461538461537
7046599	1.8888888888888888
1789488	2.0408163265306123
5242978	2.054054054054054
1539479	1.8918918918918919
840377	2.086206896551724
5481672	1.9090909090909092
5112603	1.9230769230769231
7417986	2.183673469387755
5662584	2.326530612244898
5529146	2.0
5146405	2.1228070175438596
27982024	2.1739130434782608
1818587	1.9487179487179487
847865	1.9615384615384615
10201623	2.1923076923076925
8636513	1.9807692307692308
6779537	2.1132075471698113
387384	2.2244897959183674
26020712	2.1403508771929824
8613211	2.074074074074074
9905822	2.0
8390076	2.1842105263157894
532957	2.027027027027027
6260151	2.1666666666666665
12986515	1.903225806451613
7425341	2.2
7971097	2.2549019607843137
20811254	2.0943396226415096
14031105	2.0789473684210527
6544876	2.06
2150032	2.130434782608696
11392341	2.0652173913043477
6599178	2.3260869565217392
6314611	2.35
12280854	2.188679245283019
21641999	2.3076923076923075
22700895	1.9743589743589745
9714543	2.122448979591837
69635	2.1818181818181817
6122807	2.037037037037037
8079649	2.0
1481347	1.9166666666666667
1197074	2.1627906976744184
510502	1.9736842105263157
7961723	2.2
10864784	2.302325581395349
633040	2.1555555555555554
395579	2.189189189189189
7708341	2.1666666666666665
1390608	2.236842105263158
9861745	2.0625
28681680	2.1272727272727274
5238627	2.227272727272727
7073386	1.9767441860465116
495	1.9705882352941178
1217115	2.037037037037037
5192761	2.033333333333333
8937230	2.081081081081081
19353510	1.9791666666666667
10170070	2.3043478260869565
1938534	1.9375
293894	2.0869565217391304
350368	1.7179487179487178
1675311	2.227272727272727
5861337	2.0625
7396963	2.0232558139534884
22387771	2.020408163265306
20053486	2.06
6448049	2.1020408163265305
1633134	2.2264150943396226
7534320	2.1142857142857143
6688949	2.272727272727273
11557333	1.9411764705882353
17297569	2.061224489795918
9745827	2.0166666666666666
2158679	2.175
8645036	2.1296296296296298
12182788	2.12
7794603	2.0851063829787235
817494	2.027027027027027
5583962	2.150943396226415
1899004	2.027027027027027
11663547	1.930232558139535
23693852	2.1363636363636362
293141	2.234042553191489
5676521	2.326530612244898
1123872	2.08
326896	1.972972972972973
7978444	2.135135135135135
1057456	2.128205128205128
991698	1.92
7875147	2.05
8350021	1.96875
1471795	2.1951219512195124
1282530	2.1176470588235294
1100887	2.066666666666667
1924561	2.2280701754385963
7607	2.0625
9652427	2.119047619047619
1033717	2.135135135135135
5234860	2.0
7808076	2.25
1357761	1.813953488372093
5252707	2.13953488372093
7040583	1.9482758620689655
17366941	1.9487179487179487
17429601	2.1166666666666667
343080	2.04
8394004	2.2162162162162162
15650811	2.0555555555555554
118189	2.22
11533876	2.090909090909091
1824724	1.9736842105263157
12231535	2.18
12833686	1.9787234042553192
21712272	2.14
18453	2.125
559661	2.422222222222222
1482376	2.2444444444444445
1361708	2.3333333333333335
1928169	1.8095238095238095
524948	1.9545454545454546
25981140	2.05
2038127	1.9791666666666667
970	2.076923076923077
8574536	2.2115384615384617
14659300	2.1666666666666665
108828	1.8918918918918919
9117271	2.1818181818181817
671250	1.86
13800763	2.130434782608696
12113608	2.1714285714285713
440243	2.1914893617021276
15052027	2.0238095238095237
8333874	2.0416666666666665
18198761	2.1714285714285713
21865527	2.156862745098039
8038579	2.018181818181818
15415461	2.111111111111111
9026933	2.372549019607843
17958778	1.9428571428571428
7703303	2.239130434782609
8825542	2.135135135135135
5402638	1.9655172413793103
9723314	2.097560975609756
1367217	2.372093023255814
66271	1.9285714285714286
10024551	2.0
5808243	2.1707317073170733
196826	2.238095238095238
491182	2.119047619047619
1997229	2.2222222222222223
15335895	2.076923076923077
21855727	2.1627906976744184
10253	2.111111111111111
1671840	2.0
6710452	2.1923076923076925
18780426	1.8461538461538463
365582	2.08
5526024	2.275
10130834	2.2564102564102564
18918779	2.0476190476190474
18837838	2.0
10493415	2.5238095238095237
15410771	2.1956521739130435
1278024	1.9622641509433962
7745058	2.3
902077	2.1702127659574466
199776	2.090909090909091
723855	2.108695652173913
5787020	2.1842105263157894
17449110	2.1785714285714284
1601521	2.0869565217391304
10913797	1.962962962962963
1568293	2.1875
9059590	2.475
19135572	1.8205128205128205
23549294	2.4074074074074074
342426	2.391304347826087
14176222	2.1627906976744184
16898940	2.06
669686	2.2916666666666665
16525344	2.441860465116279
27582721	2.0851063829787235
10546838	2.116279069767442
11422096	2.088888888888889
6039521	2.0217391304347827
8048025	2.098360655737705
21480874	2.0277777777777777
2070160	2.0847457627118646
205965	2.0681818181818183
14713721	2.225
24764185	2.44
11296351	1.9761904761904763
314861	2.326923076923077
18921611	1.88
8549316	2.3488372093023258
1415894	2.066666666666667
784004	2.1818181818181817
148011	1.9772727272727273
69130	2.022222222222222
18168242	2.268292682926829
10606373	2.3333333333333335
341834	2.311111111111111
6693175	2.0434782608695654
16319064	1.8181818181818181
1761962	2.0833333333333335
8756361	2.0
11448208	2.25
779983	2.020408163265306
7191444	2.076923076923077
11103744	2.130434782608696
1824015	1.92
23056032	2.2058823529411766
8031069	2.02
7682940	2.0
8519505	2.2244897959183674
26252150	2.0784313725490198
8198469	1.9387755102040816
8229222	2.0689655172413794
22188051	2.127659574468085
5678793	1.95
8586276	1.9811320754716981
12471792	2.297872340425532
3796608	1.9444444444444444
8312635	2.0681818181818183
29578336	2.0208333333333335
15014759	2.25531914893617
24717745	2.159090909090909
10550314	2.3333333333333335
22496733	2.1176470588235294
8704904	2.066666666666667
9012579	2.119047619047619
89248	1.9318181818181819
17428541	1.851063829787234
7485103	2.3333333333333335
19692587	2.111111111111111
8885156	2.238095238095238
11820707	2.3191489361702127
16901417	1.9454545454545455
19191645	2.488372093023256
27309431	2.163265306122449
125795	2.0232558139534884
14363149	1.9714285714285715
780352	1.9767441860465116
5622269	2.0943396226415096
490277	2.127659574468085
7616843	1.9803921568627452
15549026	2.1538461538461537
6336088	2.0851063829787235
738222	2.1129032258064515
136680	2.347826086956522
21613609	2.2033898305084745
5396591	2.0588235294117645
7554115	2.4857142857142858
1524268	2.0833333333333335
585652	2.119047619047619
8194465	2.0714285714285716
17509664	2.235294117647059
1086468	2.1315789473684212
16717866	1.975609756097561
1988335	2.234042553191489
756355	2.239130434782609
755728	2.135135135135135
2069755	2.1842105263157894
776978	2.25
1992503	2.2666666666666666
15343534	2.375
352861	2.0681818181818183
12684946	2.193548387096774
18905528	2.0576923076923075
6200869	2.05
493633	1.8863636363636365
12263140	2.255813953488372
1376903	2.0
17970282	2.108108108108108
10314046	2.0833333333333335
12756680	1.9591836734693877
1689988	2.088888888888889
9009999	2.075
12846577	2.34375
6057956	2.127659574468085
6700370	2.207547169811321
81785	1.934782608695652
5317717	1.8095238095238095
607367	2.3
1800165	2.0555555555555554
589155	2.2093023255813953
10028005	2.1041666666666665
2237467	1.9777777777777779
6758781	2.0851063829787235
1306217	2.13953488372093
8738706	2.210526315789474
18489106	2.2708333333333335
7859253	2.0
17119618	2.0
23664	2.2222222222222223
13490203	1.8958333333333333
1743108	2.2448979591836733
8195004	2.264705882352941
8062661	2.163265306122449
8240793	2.106382978723404
5756767	2.2115384615384617
5375254	1.8333333333333333
2228887	2.0
636410	2.046511627906977
12688238	2.2830188679245285
12684919	2.073170731707317
1458734	2.255813953488372
7638815	2.207547169811321
8782921	2.0
10127848	2.215686274509804
101707	2.0588235294117645
1065843	2.230769230769231
5219029	2.1136363636363638
5372787	2.135593220338983
29137785	2.0
176453	2.08
21806366	2.2888888888888888
13712569	2.1578947368421053
131226	2.0408163265306123
6691545	2.142857142857143
147099	2.088888888888889
1866242	2.032258064516129
10983888	2.024390243902439
15231871	2.1923076923076925
19522931	1.9714285714285715
12742800	2.0217391304347827
604932	2.1627906976744184
5905029	2.272727272727273
12247670	2.0869565217391304
755142	1.6938775510204083
8225048	2.2884615384615383
10777109	1.9821428571428572
18359152	2.1219512195121952
5938790	2.3157894736842106
22070769	2.090909090909091
28793271	2.2244897959183674
9818564	2.0961538461538463
1710014	1.8863636363636365
2000056	1.9534883720930232
1560991	2.235294117647059
683971	2.1041666666666665
651728	1.9761904761904763
12003406	2.1702127659574466
58053	2.1538461538461537
11221053	2.135135135135135
7317673	2.2058823529411766
636330	1.9777777777777779
207528	2.2444444444444445
7067528	2.0508474576271185
17217104	2.0869565217391304
5615093	2.061224489795918
277978	1.9534883720930232
5377413	2.2045454545454546
9902560	1.8
488995	1.864864864864865
1368806	2.0434782608695654
5936436	2.018867924528302
7467979	2.1372549019607843
185945	2.272727272727273
8095715	2.111111111111111
10629295	2.2142857142857144
1869169	2.1666666666666665
1594176	2.0285714285714285
10834068	2.1914893617021276
864084	2.196078431372549
6462153	2.1904761904761907
1053562	1.8333333333333333
9610341	2.1739130434782608
20628	1.8888888888888888
5864123	2.128205128205128
6388650	2.2
6905823	2.2830188679245285
2010692	1.934782608695652
20476888	1.9024390243902438
7706799	1.935483870967742
927051	2.0851063829787235
12369231	2.0784313725490198
7767778	2.3095238095238093
8188340	2.0392156862745097
6821361	1.8918918918918919
10624122	1.9827586206896552
13442986	2.1707317073170733
2132055	2.0
13975872	2.176470588235294
9032863	2.0930232558139537
16989964	2.3488372093023258
29179446	1.9807692307692308
1777555	2.0625
12299239	2.0217391304347827
6112569	2.261904761904762
12581023	2.085714285714286
7748688	2.261904761904762
15623951	2.032258064516129
8647438	1.9423076923076923
16504050	2.0238095238095237
22520265	1.9
1814433	2.119047619047619
8696760	1.9574468085106382
79909	2.148936170212766
1529569	2.1315789473684212
11609067	2.324324324324324
11516072	1.875
6080202	2.2045454545454546
22571486	2.1818181818181817
8575041	2.127659574468085
1450462	2.019230769230769
6879081	2.276595744680851
6567641	2.210526315789474
15120582	2.054054054054054
27836888	2.1333333333333333
109274	2.2291666666666665
11316295	2.5319148936170213
1276310	2.051282051282051
378523	2.1818181818181817
13083310	2.097560975609756
8584595	2.0930232558139537
16659474	2.0588235294117645
16445024	2.2325581395348837
9146494	2.282051282051282
5702694	2.275
400617	1.9736842105263157
6610239	2.1176470588235294
21515282	2.1025641025641026
963385	2.1020408163265305
16286140	1.875
13144646	2.1666666666666665
10746538	2.125
16569819	2.0232558139534884
2205546	2.311111111111111
19516019	2.048780487804878
7607987	2.119047619047619
5335852	2.15
1207924	2.0833333333333335
1191683	2.236842105263158
10852904	2.0
1377948	2.057142857142857
1273694	2.0
28454749	2.309090909090909
1306757	1.8823529411764706
12785797	2.3
4701	2.3823529411764706
18939662	2.032258064516129
23654678	2.3636363636363638
20123586	2.13953488372093
1689806	1.8863636363636365
16334929	2.0
16233146	2.04
27184706	2.021276595744681
17055276	2.234042553191489
7152765	2.1
1198174	2.0851063829787235
15436788	2.081081081081081
8397649	2.1025641025641026
21419252	2.2777777777777777
29657379	1.9545454545454546
1400313	1.98
8483765	2.1
600745	1.9574468085106382
23399914	2.085714285714286
7478521	2.0408163265306123
29716992	2.048780487804878
19728061	2.0833333333333335
841159	2.1363636363636362
8306578	2.0638297872340425
11285432	2.130434782608696
7203635	2.0851063829787235
10168368	2.0408163265306123
19812156	1.8837209302325582
18155829	2.111111111111111
15271708	2.090909090909091
10773225	2.021276595744681
27092126	2.303030303030303
9968740	2.2142857142857144
7925105	2.3684210526315788
5439555	2.1818181818181817
11663	2.125
1256715	2.108108108108108
18381054	2.326530612244898
17648301	2.087719298245614
12165602	2.05
1692694	2.2
1536570	2.276595744680851
170584	2.0638297872340425
5252072	2.189189189189189
1021117	1.8974358974358974
15439758	2.25
7120109	1.8611111111111112
1467733	2.08
725018	1.945945945945946
1160833	2.2
1667985	1.9777777777777779
14532	1.8918918918918919
1012485	1.94
416817	1.96875
8749742	2.0930232558139537
23013108	2.2127659574468086
1270504	2.3555555555555556
13006497	2.16
17373663	2.085714285714286
14179319	2.037037037037037
10983546	2.175
567700	2.215686274509804
13830630	2.111111111111111
5834526	1.9387755102040816
18249606	2.0256410256410255
11191532	2.0588235294117645
27646878	2.2
5837266	2.0238095238095237
9097080	1.880952380952381
5555610	2.235294117647059
10187842	1.8048780487804879
29368299	2.0
5885788	2.1458333333333335
14303937	2.2448979591836733
19777913	2.2037037037037037
1409865	2.0833333333333335
11659724	2.135135135135135
6166910	1.9482758620689655
18684115	2.4347826086956523
9013560	2.1555555555555554
5731209	2.135135135135135
6379044	2.204081632653061
178865	1.9387755102040816
7463177	2.108108108108108
6992809	2.0
1113073	2.227272727272727
1763599	2.2884615384615383
533338	2.1794871794871793
9065613	1.9166666666666667
16065302	2.1555555555555554
23299238	2.13953488372093
7639345	2.119047619047619
7402492	2.087719298245614
8553762	2.1739130434782608
253113	2.159090909090909
1027291	2.125
12104317	1.975609756097561
15665102	2.4146341463414633
8056346	1.9591836734693877
13456369	2.125
16314825	2.18
2047700	2.183673469387755
5138842	2.2
50710	2.235294117647059
6008533	2.0
13803973	1.9574468085106382
9202467	1.9722222222222223
348367	2.0208333333333335
11752939	2.261904761904762
1841308	2.186046511627907
359374	2.175
17705466	2.25
8555638	2.142857142857143
19405168	2.1666666666666665
1475687	2.183673469387755
7873360	2.0
15194115	2.108108108108108
5490736	2.0
15276548	2.25531914893617
15554731	2.2857142857142856
16827859	2.23728813559322
141310	2.15
6811377	2.090909090909091
18111378	2.1219512195121952
565632	2.2
691800	1.853658536585366
7434517	2.076923076923077
7142303	2.074074074074074
14631456	2.1153846153846154
8933967	2.239130434782609
554084	2.15
492133	2.116279069767442
6112126	2.0789473684210527
5805909	2.1794871794871793
5290502	2.111111111111111
5423387	2.051282051282051
287772	2.18
76526	1.8604651162790697
6078392	2.186046511627907
11705507	2.0
19144703	1.8709677419354838
14188679	1.967741935483871
8730003	2.1627906976744184
23890493	2.076923076923077
12720711	2.135135135135135
1601720	1.9069767441860466
2112807	2.1875
14973903	2.1702127659574466
9058475	1.9473684210526316
18398157	1.8918918918918919
12133916	2.0
53785	2.261904761904762
16347907	2.0
13836213	2.0
5697445	1.9189189189189189
497122	2.0869565217391304
12090428	2.0
8095479	2.4594594594594597
22717096	2.054054054054054
2205322	2.3142857142857145
18439663	1.8235294117647058
13017101	2.25
12736509	2.297872340425532
12273817	2.066666666666667
317483	1.8461538461538463
1561265	2.1724137931034484
14185727	2.0681818181818183
21383680	2.090909090909091
6395148	2.4313725490196076
557029	2.057142857142857
6115031	2.2142857142857144
1983563	1.9215686274509804
1499157	2.0754716981132075
21776949	2.2285714285714286
21571322	2.234042553191489
9805628	2.097560975609756
5112147	2.4893617021276597
756818	1.9743589743589745
6712104	2.1777777777777776
1403892	2.1724137931034484
1868500	2.18
6225271	2.076923076923077
8802931	2.026315789473684
6430663	2.192982456140351
22638795	2.1515151515151514
8300259	2.0952380952380953
1657646	1.8235294117647058
398684	2.1818181818181817
259445	2.282051282051282
1167791	2.1551724137931036
5468054	2.1538461538461537
18409508	2.096774193548387
5493999	2.3333333333333335
347815	2.0434782608695654
15363310	2.2432432432432434
6241439	2.1666666666666665
6044954	2.1052631578947367
