24273069	4.663043478260869
19423783	4.688888888888889
14473153	4.5813953488372094
19051	4.743801652892562
5253296	4.637096774193548
261651	4.7594936708860756
512301	4.71875
6106142	4.735537190082645
14376315	4.6571428571428575
1955823	4.509615384615385
678849	4.769230769230769
2415	4.4227642276422765
642183	4.716129032258064
19199094	4.758241758241758
12816448	4.760869565217392
11391385	4.65934065934066
17549631	4.759615384615385
18217701	4.686046511627907
1527988	4.723404255319149
10968099	4.6947368421052635
591546	4.73109243697479
8285535	4.55
6278292	4.767441860465116
10726423	4.7368421052631575
6293497	4.747252747252747
18641722	4.676470588235294
506466	4.776595744680851
12293130	4.546391752577319
7995087	4.75
542762	4.742857142857143
5492336	4.769230769230769
21644777	4.778947368421052
14208255	4.7368421052631575
957547	4.728260869565218
17905972	4.731958762886598
11662294	4.776595744680851
16182090	4.518987341772152
15399126	4.594594594594595
5229262	4.762376237623762
12138328	4.695238095238095
20498086	4.7745098039215685
5241895	4.680851063829787
1453116	4.670329670329671
412831	4.767676767676767
166302	4.6571428571428575
9723766	4.6923076923076925
8851381	4.678571428571429
18278431	4.714285714285714
1289228	4.770833333333333
2213756	4.747474747474747
19994203	4.620253164556962
7623811	4.770833333333333
9921062	4.684782608695652
24710350	4.747126436781609
11110645	4.628318584070796
22753154	4.745614035087719
8483077	4.739583333333333
989478	4.7555555555555555
161866	4.65
23152419	4.754545454545455
6296758	4.775280898876405
2198888	4.741176470588235
28193562	4.735849056603773
20779225	4.738636363636363
416125	4.729166666666667
6717341	4.76
628851	4.688172043010753
5897437	4.75
19523592	4.614754098360656
1282193	4.589285714285714
28059010	4.736
21986721	4.6923076923076925
26692545	4.766666666666667
18879032	4.709677419354839
21424135	4.72
1325378	4.670454545454546
7144438	4.72289156626506
6051658	4.7444444444444445
7966417	4.764705882352941
11929120	4.701030927835052
12319926	4.768518518518518
5886406	4.643564356435643
5862596	4.741935483870968
778461	4.772277227722772
2142127	4.77
2171010	4.717391304347826
18287304	4.747826086956522
27683454	4.729166666666667
17794972	4.66
5770824	4.74468085106383
14637910	4.709090909090909
16168364	4.7745098039215685
891764	4.702479338842975
1654	4.679012345679013
1864681	4.6976744186046515
638342	4.767441860465116
7724070	4.763636363636364
6090579	4.7745098039215685
28087098	4.7317073170731705
1502667	4.766355140186916
8696461	4.769911504424779
13669140	4.6625
17763145	4.719626168224299
9899731	4.640449438202247
13304839	4.626262626262626
487426	4.752941176470588
19924808	4.666666666666667
973408	4.719626168224299
8873386	4.761904761904762
13057248	4.6947368421052635
7256318	4.738636363636363
16141175	4.741935483870968
20541214	4.7407407407407405
13099072	4.758241758241758
21558077	4.48936170212766
383182	4.711538461538462
7859171	4.497109826589595
5274223	4.597402597402597
632553	4.763440860215054
7070683	4.666666666666667
1888595	4.709302325581396
727348	4.752380952380952
20505512	4.745283018867925
136475	4.7727272727272725
10939464	4.6880733944954125
11917935	4.606060606060606
1905237	4.7023809523809526
705078	4.704545454545454
13522892	4.762886597938144
5758917	4.739130434782608
5169835	4.739495798319328
25970185	4.698795180722891
5985821	4.685185185185185
153914	4.709302325581396
47555	4.745762711864407
6590729	4.76595744680851
12321490	4.7
2157989	4.627906976744186
624415	4.732673267326732
20506849	4.741573033707865
15847486	4.583333333333333
483979	4.698924731182796
6717838	4.769230769230769
8578753	4.732558139534884
151415	4.7272727272727275
430891	4.711111111111111
13790574	4.761363636363637
12856833	4.775
641311	4.652892561983471
14138697	4.757281553398058
977485	4.7176470588235295
12743202	4.591836734693878
1700584	4.649122807017544
18577503	4.772151898734177
14223233	4.717391304347826
264366	4.698924731182796
5359550	4.681318681318682
5087491	4.744897959183674
18621424	4.724489795918367
25983168	4.752577319587629
5672375	4.725663716814159
8966245	4.773809523809524
1624472	4.7105263157894735
7280719	4.677083333333333
18989288	4.739583333333333
386342	4.704545454545454
8013552	4.742857142857143
6428990	4.77319587628866
5795713	4.647058823529412
320601	4.744897959183674
11733187	4.7745098039215685
12563176	4.768421052631579
4947	4.479166666666667
498536	4.762295081967213
1190516	4.71875
1384584	4.742857142857143
5654427	4.659090909090909
15076836	4.735632183908046
18075264	4.72093023255814
20457598	4.760416666666667
1190830	4.775700934579439
1271326	4.672413793103448
6746430	4.645833333333333
1814191	4.77
13802685	4.590361445783133
19340123	4.725274725274725
13201829	4.689655172413793
6347975	4.601941747572815
5213589	4.752941176470588
6615511	4.76530612244898
1670022	4.691358024691358
11310953	4.744186046511628
10088955	4.657407407407407
499694	4.583333333333333
1325860	4.653465346534653
11748196	4.7094017094017095
612880	4.626506024096385
22575012	4.758928571428571
114538	4.7407407407407405
171229	4.6976744186046515
5353717	4.527472527472527
152889	4.747126436781609
19564134	4.684210526315789
2089390	4.708333333333333
18740986	4.525862068965517
8842029	4.588235294117647
9761447	4.735294117647059
1333575	4.64367816091954
780415	4.733333333333333
17088516	4.737864077669903
11512407	4.762962962962963
6004371	4.725
27813481	4.774193548387097
1641051	4.757894736842105
16618293	4.574468085106383
5927286	4.720430107526882
20373944	4.651162790697675
6471588	4.747663551401869
1205369	4.469135802469136
6745190	4.755102040816326
11387046	4.705882352941177
10577013	4.627659574468085
1089473	4.653061224489796
139444	4.732142857142857
10903486	4.708333333333333
9886696	4.768518518518518
7333002	4.712871287128713
16539465	4.76595744680851
16364115	4.589473684210526
2097970	4.633663366336633
1241170	4.654320987654321
15990063	4.747126436781609
14314336	4.706521739130435
8067645	4.559139784946237
21390673	4.735294117647059
13547032	4.698924731182796
8426557	4.766355140186916
17037664	4.701923076923077
1868160	4.737864077669903
22405575	4.607476635514018
1438406	4.738636363636363
1455096	4.701030927835052
23343799	4.771084337349397
7980910	4.7657657657657655
14930086	4.673267326732673
5183248	4.705882352941177
162750	4.684782608695652
11402397	4.761904761904762
6001429	4.7745098039215685
6529401	4.655555555555556
24766702	4.730769230769231
16079245	4.735294117647059
1053107	4.6477272727272725
13337424	4.765432098765432
7168186	4.761467889908257
759415	4.726190476190476
487058	4.602409638554217
10065500	4.707865168539326
8094853	4.601851851851852
5485177	4.735294117647059
11992154	4.554347826086956
14827791	4.757009345794392
284552	4.714285714285714
806469	4.715686274509804
21632590	4.726190476190476
11946345	4.674698795180723
9777966	4.758928571428571
4952	4.758620689655173
21520512	4.457446808510638
351452	4.767857142857143
9734284	4.695652173913044
14986327	4.77
18215191	4.768595041322314
5243597	4.747747747747748
884329	4.767857142857143
7800274	4.75
11790919	4.758241758241758
5913870	4.628865979381444
27802358	4.7215189873417724
88523	4.752577319587629
1997514	4.771186440677966
7723962	4.771428571428571
975724	4.679012345679013
1602684	4.7701149425287355
5858897	4.7032967032967035
8046945	4.752688172043011
